   2756.40293217     27.02631217     33.34848180     -3.42004258      6.75657804      8.33712045     -1.52001892      3.00292357      3.70538687     -0.85501065      1.68914451      2.08428011     -0.54720681      1.08105249      1.33393927      0.35015693
     27.02631217    981.97188187   -149.27412069      6.75657804    -79.15600283    -37.31853017      3.00292357    -35.18044570    -16.58601341      1.68914451    -19.78900071     -9.32963254      1.08105249    -12.66496045     -5.97096483     -1.56736875
     33.34848180   -149.27412069    718.13215749      8.33712045    -37.31853017   -293.05675269      3.70538687    -16.58601341   -130.24744564      2.08428011     -9.32963254    -73.26418817      1.33393927     -5.97096483    -46.88908043     -1.93401778
     -3.42004258      6.75657804      8.33712045    691.66576498      1.68914451      2.08428011     -0.38000473      0.75073089      0.92634672     -0.21375266      0.42228613      0.52107003     -0.13680170      0.27026312      0.33348482      0.08753923
      6.75657804    -79.15600283    -37.31853017      1.68914451    304.85997259     -9.32963254      0.75073089     -8.79511143     -4.14650335      0.42228613     -4.94725018     -2.33240814      0.27026312     -3.16624011     -1.49274121     -0.39184219
      8.33712045    -37.31853017   -293.05675269      2.08428011     -9.32963254    399.32560389      0.92634672     -4.14650335    -32.56186141      0.52107003     -2.33240814    -18.31604704      0.33348482     -1.49274121    -11.72227011     -0.48350445
     -1.52001892      3.00292357      3.70538687     -0.38000473      0.75073089      0.92634672    307.61812040      0.33365817      0.41170965     -0.09500118      0.18768272      0.23158668     -0.06080076      0.12011694      0.14821547      0.03890633
      3.00292357    -35.18044570    -16.58601341      0.75073089     -8.79511143     -4.14650335      0.33365817    140.37949417     -1.84289038      0.18768272     -2.19877786     -1.03662584      0.12011694     -1.40721783     -0.66344054     -0.17415208
      3.70538687    -16.58601341   -130.24744564      0.92634672     -4.14650335    -32.56186141      0.41170965     -1.84289038    195.56796918      0.23158668     -1.03662584     -8.14046535      0.14821547     -0.66344054     -5.20989783     -0.21489086
     -0.85501065      1.68914451      2.08428011     -0.21375266      0.42228613      0.52107003     -0.09500118      0.18768272      0.23158668    173.07675574      0.10557153      0.13026751     -0.03420043      0.06756578      0.08337120      0.02188481
      1.68914451    -19.78900071     -9.32963254      0.42228613     -4.94725018     -2.33240814      0.18768272     -2.19877786     -1.03662584      0.10557153     79.92543078     -0.58310203      0.06756578     -0.79156003     -0.37318530     -0.09796055
      2.08428011     -9.32963254    -73.26418817      0.52107003     -2.33240814    -18.31604704      0.23158668     -1.03662584     -8.14046535      0.13026751     -0.58310203    113.56843625      0.08337120     -0.37318530     -2.93056753     -0.12087611
     -0.54720681      1.08105249      1.33393927     -0.13680170      0.27026312      0.33348482     -0.06080076      0.12011694      0.14821547     -0.03420043      0.06756578      0.08337120    110.78143583      0.04324210      0.05335757      0.01400628
      1.08105249    -12.66496045     -5.97096483      0.27026312     -3.16624011     -1.49274121      0.12011694     -1.40721783     -0.66344054      0.06756578     -0.79156003     -0.37318530      0.04324210     51.43723731     -0.23883859     -0.06269475
      1.33393927     -5.97096483    -46.88908043      0.33348482     -1.49274121    -11.72227011      0.14821547     -0.66344054     -5.20989783      0.08337120     -0.37318530     -2.93056753      0.05335757     -0.23883859     73.73880351     -0.07736071
      0.35015693     -1.56736875     -1.93401778      0.08753923     -0.39184219     -0.48350445      0.03890633     -0.17415208     -0.21489086      0.02188481     -0.09796055     -0.12087611      0.01400628     -0.06269475     -0.07736071      0.13969294
